0 0 images 
1 1 images_netFormat 
2 2 168 
3 3 170 
4 4 172 
5 5 181 
6 6 174 
7 7 176 
8 8 178 
9 9 179 
10 10 182 
11 11 184 
12 12 186 
13 13 205 
14 14 188 
15 15 190 
16 16 192 
17 17 193 
18 18 195 
19 19 197 
20 20 198 
21 21 200 
22 22 202 
23 23 203 
24 24 206 
25 25 208 
26 26 210 
27 27 229 
28 28 212 
29 29 214 
30 30 216 
31 31 217 
32 32 219 
33 33 221 
34 34 222 
35 35 224 
36 36 226 
37 37 227 
38 38 230 
39 39 232 
40 40 234 
41 41 243 
42 42 236 
43 43 238 
44 44 240 
45 45 241 
46 46 244 
47 47 246 
48 48 248 
49 49 250 
50 50 251 
51 51 253 
52 52 256 
53 53 257 
54 54 259 
55 55 267 
56 56 261 
57 57 263 
58 58 265 
59 59 268 
60 60 270 
61 61 272 
62 62 277 
63 63 278 
64 64 286 
65 65 280 
66 66 282 
67 67 284 
68 68 287 
69 69 289 
70 70 291 
71 71 296 
72 72 297 
73 73 305 
74 74 299 
75 75 301 
76 76 303 
77 77 306 
78 78 308 
79 79 310 
80 80 315 
81 81 316 
82 82 324 
83 83 318 
84 84 320 
85 85 322 
86 86 325 
87 87 327 
88 88 329 
89 89 330 
90 90 338 
91 91 332 
92 92 334 
93 93 336 
94 94 339 
95 95 341 
96 96 343 
97 97 344 
98 98 352 
99 99 346 
100 100 348 
101 101 350 
102 102 353 
103 103 355 
104 104 357 
105 105 358 
106 106 366 
107 107 360 
108 108 362 
109 109 364 
110 110 367 
111 111 369 
112 112 667 
113 113 568 
114 114 469 
115 115 370 
116 116 detections_det 
117 117 detections 
118 0 images 
